{
	"bloom_bias": 0.8100000023841858,
	"bloom_intensity": 0.699999988079071,
	"bloom_threshold": 4.300000190734863,
	"exposure": 1.5499999523162842,
	"gamma": 1.4500000476837158,
	"max_distance": 100.0,
	"motion_blur": 1.0,
	"sample_count": 2,
	"taa_weight": 0.10000000149011612,
	"z_thickness": 0.10000000149011612
}